aa Count in columns
   A     C     D     E     F     G     H     I     K     L     M     N     P     Q     R     S     T     V     W     Y  
A     0
C     0
D     0
E     0
F     0
G     0
H     0
I     3
K     0
L     5
M     0
N     0
P     0
Q     5
R     0
S     0
T     0
V     0
W     7
Y     0
aa Counted Subst rate
   A     C     D     E     F     G     H     I     K     L     M     N     P     Q     R     S     T     V     W     Y  
A     0     0     0     0     0     0     0     0     0     0     0     0     0     0     0     0     0     0     0     0
C     0     0     0     0     0     0     0     0     0     0     0     0     0     0     0     0     0     0     0     0
D     0     0     0     0     0     0     0     0     0     0     0     0     0     0     0     0     0     0     0     0
E     0     0     0     0     0     0     0     0     0     0     0     0     0     0     0     0     0     0     0     0
F     0     0     0     0     0     0     0     0     0     0     0     0     0     0     0     0     0     0     0     0
G     0     0     0     0     0     0     0     0     0     0     0     0     0     0     0     0     0     0     0     0
H     0     0     0     0     0     0     0     0     0     0     0     0     0     0     0     0     0     0     0     0
I     0     0     0     0     0     0     0     3     0     0     0     0     0     0     0     0     0     0     0     0
K     0     0     0     0     0     0     0     0     0     0     0     0     0     0     0     0     0     0     0     0
L     0     0     0     0     0     0     0    15     0    10     0     0     0     0     0     0     0     0     0     0
M     0     0     0     0     0     0     0     0     0     0     0     0     0     0     0     0     0     0     0     0
N     0     0     0     0     0     0     0     0     0     0     0     0     0     0     0     0     0     0     0     0
P     0     0     0     0     0     0     0     0     0     0     0     0     0     0     0     0     0     0     0     0
Q     0     0     0     0     0     0     0    15     0    25     0     0     0    10     0     0     0     0     0     0
R     0     0     0     0     0     0     0     0     0     0     0     0     0     0     0     0     0     0     0     0
S     0     0     0     0     0     0     0     0     0     0     0     0     0     0     0     0     0     0     0     0
T     0     0     0     0     0     0     0     0     0     0     0     0     0     0     0     0     0     0     0     0
V     0     0     0     0     0     0     0     0     0     0     0     0     0     0     0     0     0     0     0     0
W     0     0     0     0     0     0     0    21     0    35     0     0     0    35     0     0     0     0    21     0
Y     0     0     0     0     0     0     0     0     0     0     0     0     0     0     0     0     0     0     0     0
aa Observed Subst rate
     A       C       D       E       F       G       H       I       K       L       M       N       P       Q       R       S       T       V       W       Y  
A  0.0000  0.0000  0.0000  0.0000  0.0000  0.0000  0.0000  0.0000  0.0000  0.0000  0.0000  0.0000  0.0000  0.0000  0.0000  0.0000  0.0000  0.0000  0.0000  0.0000
C  0.0000  0.0000  0.0000  0.0000  0.0000  0.0000  0.0000  0.0000  0.0000  0.0000  0.0000  0.0000  0.0000  0.0000  0.0000  0.0000  0.0000  0.0000  0.0000  0.0000
D  0.0000  0.0000  0.0000  0.0000  0.0000  0.0000  0.0000  0.0000  0.0000  0.0000  0.0000  0.0000  0.0000  0.0000  0.0000  0.0000  0.0000  0.0000  0.0000  0.0000
E  0.0000  0.0000  0.0000  0.0000  0.0000  0.0000  0.0000  0.0000  0.0000  0.0000  0.0000  0.0000  0.0000  0.0000  0.0000  0.0000  0.0000  0.0000  0.0000  0.0000
F  0.0000  0.0000  0.0000  0.0000  0.0000  0.0000  0.0000  0.0000  0.0000  0.0000  0.0000  0.0000  0.0000  0.0000  0.0000  0.0000  0.0000  0.0000  0.0000  0.0000
G  0.0000  0.0000  0.0000  0.0000  0.0000  0.0000  0.0000  0.0000  0.0000  0.0000  0.0000  0.0000  0.0000  0.0000  0.0000  0.0000  0.0000  0.0000  0.0000  0.0000
H  0.0000  0.0000  0.0000  0.0000  0.0000  0.0000  0.0000  0.0000  0.0000  0.0000  0.0000  0.0000  0.0000  0.0000  0.0000  0.0000  0.0000  0.0000  0.0000  0.0000
I  0.0000  0.0000  0.0000  0.0000  0.0000  0.0000  0.0000  0.0158  0.0000  0.0000  0.0000  0.0000  0.0000  0.0000  0.0000  0.0000  0.0000  0.0000  0.0000  0.0000
K  0.0000  0.0000  0.0000  0.0000  0.0000  0.0000  0.0000  0.0000  0.0000  0.0000  0.0000  0.0000  0.0000  0.0000  0.0000  0.0000  0.0000  0.0000  0.0000  0.0000
L  0.0000  0.0000  0.0000  0.0000  0.0000  0.0000  0.0000  0.0789  0.0000  0.0526  0.0000  0.0000  0.0000  0.0000  0.0000  0.0000  0.0000  0.0000  0.0000  0.0000
M  0.0000  0.0000  0.0000  0.0000  0.0000  0.0000  0.0000  0.0000  0.0000  0.0000  0.0000  0.0000  0.0000  0.0000  0.0000  0.0000  0.0000  0.0000  0.0000  0.0000
N  0.0000  0.0000  0.0000  0.0000  0.0000  0.0000  0.0000  0.0000  0.0000  0.0000  0.0000  0.0000  0.0000  0.0000  0.0000  0.0000  0.0000  0.0000  0.0000  0.0000
P  0.0000  0.0000  0.0000  0.0000  0.0000  0.0000  0.0000  0.0000  0.0000  0.0000  0.0000  0.0000  0.0000  0.0000  0.0000  0.0000  0.0000  0.0000  0.0000  0.0000
Q  0.0000  0.0000  0.0000  0.0000  0.0000  0.0000  0.0000  0.0789  0.0000  0.1316  0.0000  0.0000  0.0000  0.0526  0.0000  0.0000  0.0000  0.0000  0.0000  0.0000
R  0.0000  0.0000  0.0000  0.0000  0.0000  0.0000  0.0000  0.0000  0.0000  0.0000  0.0000  0.0000  0.0000  0.0000  0.0000  0.0000  0.0000  0.0000  0.0000  0.0000
S  0.0000  0.0000  0.0000  0.0000  0.0000  0.0000  0.0000  0.0000  0.0000  0.0000  0.0000  0.0000  0.0000  0.0000  0.0000  0.0000  0.0000  0.0000  0.0000  0.0000
T  0.0000  0.0000  0.0000  0.0000  0.0000  0.0000  0.0000  0.0000  0.0000  0.0000  0.0000  0.0000  0.0000  0.0000  0.0000  0.0000  0.0000  0.0000  0.0000  0.0000
V  0.0000  0.0000  0.0000  0.0000  0.0000  0.0000  0.0000  0.0000  0.0000  0.0000  0.0000  0.0000  0.0000  0.0000  0.0000  0.0000  0.0000  0.0000  0.0000  0.0000
W  0.0000  0.0000  0.0000  0.0000  0.0000  0.0000  0.0000  0.1105  0.0000  0.1842  0.0000  0.0000  0.0000  0.1842  0.0000  0.0000  0.0000  0.0000  0.1105  0.0000
Y  0.0000  0.0000  0.0000  0.0000  0.0000  0.0000  0.0000  0.0000  0.0000  0.0000  0.0000  0.0000  0.0000  0.0000  0.0000  0.0000  0.0000  0.0000  0.0000  0.0000
AA Marginal Prob
A  0.0000
C  0.0000
D  0.0000
E  0.0000
F  0.0000
G  0.0000
H  0.0000
I  0.1500
K  0.0000
L  0.2500
M  0.0000
N  0.0000
P  0.0000
Q  0.2500
R  0.0000
S  0.0000
T  0.0000
V  0.0000
W  0.3500
Y  0.0000
aa Expected Subst rate
     A       C       D       E       F       G       H       I       K       L       M       N       P       Q       R       S       T       V       W       Y  
A  0.0000  0.0000  0.0000  0.0000  0.0000  0.0000  0.0000  0.0000  0.0000  0.0000  0.0000  0.0000  0.0000  0.0000  0.0000  0.0000  0.0000  0.0000  0.0000  0.0000
C  0.0000  0.0000  0.0000  0.0000  0.0000  0.0000  0.0000  0.0000  0.0000  0.0000  0.0000  0.0000  0.0000  0.0000  0.0000  0.0000  0.0000  0.0000  0.0000  0.0000
D  0.0000  0.0000  0.0000  0.0000  0.0000  0.0000  0.0000  0.0000  0.0000  0.0000  0.0000  0.0000  0.0000  0.0000  0.0000  0.0000  0.0000  0.0000  0.0000  0.0000
E  0.0000  0.0000  0.0000  0.0000  0.0000  0.0000  0.0000  0.0000  0.0000  0.0000  0.0000  0.0000  0.0000  0.0000  0.0000  0.0000  0.0000  0.0000  0.0000  0.0000
F  0.0000  0.0000  0.0000  0.0000  0.0000  0.0000  0.0000  0.0000  0.0000  0.0000  0.0000  0.0000  0.0000  0.0000  0.0000  0.0000  0.0000  0.0000  0.0000  0.0000
G  0.0000  0.0000  0.0000  0.0000  0.0000  0.0000  0.0000  0.0000  0.0000  0.0000  0.0000  0.0000  0.0000  0.0000  0.0000  0.0000  0.0000  0.0000  0.0000  0.0000
H  0.0000  0.0000  0.0000  0.0000  0.0000  0.0000  0.0000  0.0000  0.0000  0.0000  0.0000  0.0000  0.0000  0.0000  0.0000  0.0000  0.0000  0.0000  0.0000  0.0000
I  0.0000  0.0000  0.0000  0.0000  0.0000  0.0000  0.0000  0.0225  0.0000  0.0000  0.0000  0.0000  0.0000  0.0000  0.0000  0.0000  0.0000  0.0000  0.0000  0.0000
K  0.0000  0.0000  0.0000  0.0000  0.0000  0.0000  0.0000  0.0000  0.0000  0.0000  0.0000  0.0000  0.0000  0.0000  0.0000  0.0000  0.0000  0.0000  0.0000  0.0000
L  0.0000  0.0000  0.0000  0.0000  0.0000  0.0000  0.0000  0.0750  0.0000  0.0625  0.0000  0.0000  0.0000  0.0000  0.0000  0.0000  0.0000  0.0000  0.0000  0.0000
M  0.0000  0.0000  0.0000  0.0000  0.0000  0.0000  0.0000  0.0000  0.0000  0.0000  0.0000  0.0000  0.0000  0.0000  0.0000  0.0000  0.0000  0.0000  0.0000  0.0000
N  0.0000  0.0000  0.0000  0.0000  0.0000  0.0000  0.0000  0.0000  0.0000  0.0000  0.0000  0.0000  0.0000  0.0000  0.0000  0.0000  0.0000  0.0000  0.0000  0.0000
P  0.0000  0.0000  0.0000  0.0000  0.0000  0.0000  0.0000  0.0000  0.0000  0.0000  0.0000  0.0000  0.0000  0.0000  0.0000  0.0000  0.0000  0.0000  0.0000  0.0000
Q  0.0000  0.0000  0.0000  0.0000  0.0000  0.0000  0.0000  0.0750  0.0000  0.1250  0.0000  0.0000  0.0000  0.0625  0.0000  0.0000  0.0000  0.0000  0.0000  0.0000
R  0.0000  0.0000  0.0000  0.0000  0.0000  0.0000  0.0000  0.0000  0.0000  0.0000  0.0000  0.0000  0.0000  0.0000  0.0000  0.0000  0.0000  0.0000  0.0000  0.0000
S  0.0000  0.0000  0.0000  0.0000  0.0000  0.0000  0.0000  0.0000  0.0000  0.0000  0.0000  0.0000  0.0000  0.0000  0.0000  0.0000  0.0000  0.0000  0.0000  0.0000
T  0.0000  0.0000  0.0000  0.0000  0.0000  0.0000  0.0000  0.0000  0.0000  0.0000  0.0000  0.0000  0.0000  0.0000  0.0000  0.0000  0.0000  0.0000  0.0000  0.0000
V  0.0000  0.0000  0.0000  0.0000  0.0000  0.0000  0.0000  0.0000  0.0000  0.0000  0.0000  0.0000  0.0000  0.0000  0.0000  0.0000  0.0000  0.0000  0.0000  0.0000
W  0.0000  0.0000  0.0000  0.0000  0.0000  0.0000  0.0000  0.1050  0.0000  0.1750  0.0000  0.0000  0.0000  0.1750  0.0000  0.0000  0.0000  0.0000  0.1225  0.0000
Y  0.0000  0.0000  0.0000  0.0000  0.0000  0.0000  0.0000  0.0000  0.0000  0.0000  0.0000  0.0000  0.0000  0.0000  0.0000  0.0000  0.0000  0.0000  0.0000  0.0000
aa Odds Ratio
     A       C       D       E       F       G       H       I       K       L       M       N       P       Q       R       S       T       V       W       Y  
A  0.0000  0.0000  0.0000  0.0000  0.0000  0.0000  0.0000  0.0000  0.0000  0.0000  0.0000  0.0000  0.0000  0.0000  0.0000  0.0000  0.0000  0.0000  0.0000  0.0000
C  0.0000  0.0000  0.0000  0.0000  0.0000  0.0000  0.0000  0.0000  0.0000  0.0000  0.0000  0.0000  0.0000  0.0000  0.0000  0.0000  0.0000  0.0000  0.0000  0.0000
D  0.0000  0.0000  0.0000  0.0000  0.0000  0.0000  0.0000  0.0000  0.0000  0.0000  0.0000  0.0000  0.0000  0.0000  0.0000  0.0000  0.0000  0.0000  0.0000  0.0000
E  0.0000  0.0000  0.0000  0.0000  0.0000  0.0000  0.0000  0.0000  0.0000  0.0000  0.0000  0.0000  0.0000  0.0000  0.0000  0.0000  0.0000  0.0000  0.0000  0.0000
F  0.0000  0.0000  0.0000  0.0000  0.0000  0.0000  0.0000  0.0000  0.0000  0.0000  0.0000  0.0000  0.0000  0.0000  0.0000  0.0000  0.0000  0.0000  0.0000  0.0000
G  0.0000  0.0000  0.0000  0.0000  0.0000  0.0000  0.0000  0.0000  0.0000  0.0000  0.0000  0.0000  0.0000  0.0000  0.0000  0.0000  0.0000  0.0000  0.0000  0.0000
H  0.0000  0.0000  0.0000  0.0000  0.0000  0.0000  0.0000  0.0000  0.0000  0.0000  0.0000  0.0000  0.0000  0.0000  0.0000  0.0000  0.0000  0.0000  0.0000  0.0000
I  0.0000  0.0000  0.0000  0.0000  0.0000  0.0000  0.0000  0.7018  0.0000  0.0000  0.0000  0.0000  0.0000  0.0000  0.0000  0.0000  0.0000  0.0000  0.0000  0.0000
K  0.0000  0.0000  0.0000  0.0000  0.0000  0.0000  0.0000  0.0000  0.0000  0.0000  0.0000  0.0000  0.0000  0.0000  0.0000  0.0000  0.0000  0.0000  0.0000  0.0000
L  0.0000  0.0000  0.0000  0.0000  0.0000  0.0000  0.0000  1.0526  0.0000  0.8421  0.0000  0.0000  0.0000  0.0000  0.0000  0.0000  0.0000  0.0000  0.0000  0.0000
M  0.0000  0.0000  0.0000  0.0000  0.0000  0.0000  0.0000  0.0000  0.0000  0.0000  0.0000  0.0000  0.0000  0.0000  0.0000  0.0000  0.0000  0.0000  0.0000  0.0000
N  0.0000  0.0000  0.0000  0.0000  0.0000  0.0000  0.0000  0.0000  0.0000  0.0000  0.0000  0.0000  0.0000  0.0000  0.0000  0.0000  0.0000  0.0000  0.0000  0.0000
P  0.0000  0.0000  0.0000  0.0000  0.0000  0.0000  0.0000  0.0000  0.0000  0.0000  0.0000  0.0000  0.0000  0.0000  0.0000  0.0000  0.0000  0.0000  0.0000  0.0000
Q  0.0000  0.0000  0.0000  0.0000  0.0000  0.0000  0.0000  1.0526  0.0000  1.0526  0.0000  0.0000  0.0000  0.8421  0.0000  0.0000  0.0000  0.0000  0.0000  0.0000
R  0.0000  0.0000  0.0000  0.0000  0.0000  0.0000  0.0000  0.0000  0.0000  0.0000  0.0000  0.0000  0.0000  0.0000  0.0000  0.0000  0.0000  0.0000  0.0000  0.0000
S  0.0000  0.0000  0.0000  0.0000  0.0000  0.0000  0.0000  0.0000  0.0000  0.0000  0.0000  0.0000  0.0000  0.0000  0.0000  0.0000  0.0000  0.0000  0.0000  0.0000
T  0.0000  0.0000  0.0000  0.0000  0.0000  0.0000  0.0000  0.0000  0.0000  0.0000  0.0000  0.0000  0.0000  0.0000  0.0000  0.0000  0.0000  0.0000  0.0000  0.0000
V  0.0000  0.0000  0.0000  0.0000  0.0000  0.0000  0.0000  0.0000  0.0000  0.0000  0.0000  0.0000  0.0000  0.0000  0.0000  0.0000  0.0000  0.0000  0.0000  0.0000
W  0.0000  0.0000  0.0000  0.0000  0.0000  0.0000  0.0000  1.0526  0.0000  1.0526  0.0000  0.0000  0.0000  1.0526  0.0000  0.0000  0.0000  0.0000  0.9023  0.0000
Y  0.0000  0.0000  0.0000  0.0000  0.0000  0.0000  0.0000  0.0000  0.0000  0.0000  0.0000  0.0000  0.0000  0.0000  0.0000  0.0000  0.0000  0.0000  0.0000  0.0000
aa Log(Odds Ratio)
     A       C       D       E       F       G       H       I       K       L       M       N       P       Q       R       S       T       V       W       Y  
A -9.9900  0.0000  0.0000  0.0000  0.0000  0.0000  0.0000  0.0000  0.0000  0.0000  0.0000  0.0000  0.0000  0.0000  0.0000  0.0000  0.0000  0.0000  0.0000  0.0000
C -9.9900 -9.9900  0.0000  0.0000  0.0000  0.0000  0.0000  0.0000  0.0000  0.0000  0.0000  0.0000  0.0000  0.0000  0.0000  0.0000  0.0000  0.0000  0.0000  0.0000
D -9.9900 -9.9900 -9.9900  0.0000  0.0000  0.0000  0.0000  0.0000  0.0000  0.0000  0.0000  0.0000  0.0000  0.0000  0.0000  0.0000  0.0000  0.0000  0.0000  0.0000
E -9.9900 -9.9900 -9.9900 -9.9900  0.0000  0.0000  0.0000  0.0000  0.0000  0.0000  0.0000  0.0000  0.0000  0.0000  0.0000  0.0000  0.0000  0.0000  0.0000  0.0000
F -9.9900 -9.9900 -9.9900 -9.9900 -9.9900  0.0000  0.0000  0.0000  0.0000  0.0000  0.0000  0.0000  0.0000  0.0000  0.0000  0.0000  0.0000  0.0000  0.0000  0.0000
G -9.9900 -9.9900 -9.9900 -9.9900 -9.9900 -9.9900  0.0000  0.0000  0.0000  0.0000  0.0000  0.0000  0.0000  0.0000  0.0000  0.0000  0.0000  0.0000  0.0000  0.0000
H -9.9900 -9.9900 -9.9900 -9.9900 -9.9900 -9.9900 -9.9900  0.0000  0.0000  0.0000  0.0000  0.0000  0.0000  0.0000  0.0000  0.0000  0.0000  0.0000  0.0000  0.0000
I -9.9900 -9.9900 -9.9900 -9.9900 -9.9900 -9.9900 -9.9900 -1.0219  0.0000  0.0000  0.0000  0.0000  0.0000  0.0000  0.0000  0.0000  0.0000  0.0000  0.0000  0.0000
K -9.9900 -9.9900 -9.9900 -9.9900 -9.9900 -9.9900 -9.9900 -9.9900 -9.9900  0.0000  0.0000  0.0000  0.0000  0.0000  0.0000  0.0000  0.0000  0.0000  0.0000  0.0000
L -9.9900 -9.9900 -9.9900 -9.9900 -9.9900 -9.9900 -9.9900  0.1480 -9.9900 -0.4959  0.0000  0.0000  0.0000  0.0000  0.0000  0.0000  0.0000  0.0000  0.0000  0.0000
M -9.9900 -9.9900 -9.9900 -9.9900 -9.9900 -9.9900 -9.9900 -9.9900 -9.9900 -9.9900 -9.9900  0.0000  0.0000  0.0000  0.0000  0.0000  0.0000  0.0000  0.0000  0.0000
N -9.9900 -9.9900 -9.9900 -9.9900 -9.9900 -9.9900 -9.9900 -9.9900 -9.9900 -9.9900 -9.9900 -9.9900  0.0000  0.0000  0.0000  0.0000  0.0000  0.0000  0.0000  0.0000
P -9.9900 -9.9900 -9.9900 -9.9900 -9.9900 -9.9900 -9.9900 -9.9900 -9.9900 -9.9900 -9.9900 -9.9900 -9.9900  0.0000  0.0000  0.0000  0.0000  0.0000  0.0000  0.0000
Q -9.9900 -9.9900 -9.9900 -9.9900 -9.9900 -9.9900 -9.9900  0.1480 -9.9900  0.1480 -9.9900 -9.9900 -9.9900 -0.4959  0.0000  0.0000  0.0000  0.0000  0.0000  0.0000
R -9.9900 -9.9900 -9.9900 -9.9900 -9.9900 -9.9900 -9.9900 -9.9900 -9.9900 -9.9900 -9.9900 -9.9900 -9.9900 -9.9900 -9.9900  0.0000  0.0000  0.0000  0.0000  0.0000
S -9.9900 -9.9900 -9.9900 -9.9900 -9.9900 -9.9900 -9.9900 -9.9900 -9.9900 -9.9900 -9.9900 -9.9900 -9.9900 -9.9900 -9.9900 -9.9900  0.0000  0.0000  0.0000  0.0000
T -9.9900 -9.9900 -9.9900 -9.9900 -9.9900 -9.9900 -9.9900 -9.9900 -9.9900 -9.9900 -9.9900 -9.9900 -9.9900 -9.9900 -9.9900 -9.9900 -9.9900  0.0000  0.0000  0.0000
V -9.9900 -9.9900 -9.9900 -9.9900 -9.9900 -9.9900 -9.9900 -9.9900 -9.9900 -9.9900 -9.9900 -9.9900 -9.9900 -9.9900 -9.9900 -9.9900 -9.9900 -9.9900  0.0000  0.0000
W -9.9900 -9.9900 -9.9900 -9.9900 -9.9900 -9.9900 -9.9900  0.1480 -9.9900  0.1480 -9.9900 -9.9900 -9.9900  0.1480 -9.9900 -9.9900 -9.9900 -9.9900 -0.2968  0.0000
Y -9.9900 -9.9900 -9.9900 -9.9900 -9.9900 -9.9900 -9.9900 -9.9900 -9.9900 -9.9900 -9.9900 -9.9900 -9.9900 -9.9900 -9.9900 -9.9900 -9.9900 -9.9900 -9.9900 -9.9900
